5585992928376
5585992928376
5551980615486
5511988175836
5521980961737
5588992663419
552124156323
5515998137915
5521965004399
5581993874378
5527995284668
5581988681173
557533219050
5571999433154
5547997164777
554430403120
5511971842185
5515997481920
5549984121875
556230974585
5548998071901
5511996081847
5517981800310
559132274869
5511910999000
5585981812433
5511957803194
5553981515893
5585999744868
557999752919
5517981148181
5547920007463
5548991779393
551138730545
5562991875746
5548984215783
5511949229991
5522999951560
5532999104590
5583999873015
5598992212200
5563981592172
5531983754337
5511963294251
5575998232111
5516997591604
5592992318764
5551981760099
5512991879765
5545999820057
5531989150420
5521982994002
5555938029605
5585997348355
5585997161921
5587999038763
5551999161178
5575999363530
5561984073136
5511983507540
5543996727263
5588999334045
5561986687767
555132077970
5524998384892
5554999073119
5514991495557
5521980540386
5511972484775
553721025532
5588994466047
556596870855
5581988558590
556436310847
554699081823
5543991886222
5548991619677
5521996580915
5562999352682
5511966297323
5561981765841
5519999487291
5551980453088
5561995853232
5584991389133
5548991290000
5511998072325
5511940584355
5584994380880
5521967590570
5519981978762
5579999410866
5519991810206
55083991626859
5511952313960
5541996644018
5511986619968
5511999328252
5527996376111
5544999644668
5511960890484
5511961713425
5521970761137
5522997397330
5511933419312
5511983847388
5562996640978
5511981995911
5583988355788
5584991013670
556332258657
5511975397668
5514998204656
5582991396609
5581998926729
5595981205153
5511959793603
5519997451196
558540429758
5534998058714
5549999600454
558591764552
5583996410170
5519997537906
5542998169590
5562985544034
5585985553629
5527998668285
5521979637590
5511983955107
5586988879132
5585991856242
5549999596426
5511972597410
5548984595649
5535998215831
5584994595339
5522997361436
557191313054
5511957719763
551641412466
5511980241912
5511974415215
5521997617060
5585992637472
5521979589443
5521964881352
5587999773706
5521967165930
5528999185264
554491122332
5521999208500
556294501668
5569993176959
5531985289145
5571991207287
5575981811341
5521986350055
5531993662793
5584988890291
5516991450401
5531971402968
5512996080689
5551982221295
5591982100774
5581983144156
559981301256
5527996956961
553399446027
5569984093823
5521981692253
5585981869203
5541988218313
556399811016
5524988188948
5511963951742
5587981559809
5544998886873
5591981498832
5511960839226
5511984304404
5547996165878
5519992478494
5571994047462
5547996356077
5555998491514
5596991017511
555437713585
5511941843854
5522998814783
5581991338933
5511989775421
5527995705831
553484022757
556239422020
5553984120591
5516991678798
5519999344831
5567981179252
5581986955297
5555996806845
5527997622425
5524992168030
5512996116317
5579991262800
5511948659954
5596984068420
5521985492223
557187445707
5566999849597
556192708278
5521974422900
5584996781397
5581998161041
5571985350261
5534999289967
5528999101416
5598991004496
5519984019622
5586995536536
5591983671771
5537984080253
5519987140329
5521965858441
5511910405609
5579981462144
554836648320
5585999143000
5516997081513
5548984384860
5571987508969
5511983321313
5581996723361
5512981189233
557188902112
5513974020784
5527998564482
551532626222
5532987039480
5575999732373
5527992410711
5521983563620
5511988950327
5531987524352
5514997126397
5511970972477
5517992597798
5521965679739
5581987261067
5571992852498
5548988416741
554891622817
555193158544
5533988035888
5567984713407
5541996478759
5583996793229
5522999268198
5569993573461
5511972524082
5535992355004
5586981856666
5584988229964
5591982273730
5517996165039
5511982806869
5579999180599
5581991849205
5516997824825
5515981426707
5511911906846
5511981538047
5511991973667
5581992540981
558235396872
555121840069
5531988748826
5547999375727
5511992409641
5527988372092
5567999257185
5519999444794
5551999567204
5521983466140
552139051576
554797476478
5512991466998
553131078000
555199681129
5584991925078
5544999281242
5524993063144
5549991199170
554998350533
5519993649895
5511940334435
5547991622424
5516997246921
5521972060411
5551981902040
5517981009496
5511988350990
5524992022064
5514998488800
5521964330828
555198044826
5511996068664
5548984135076
5585999612822
5511981828611
5511992782818
555191287774
5543984534568
553732138531
5522981142469
5521982784460
556236021304
555133980002
5519998560164
5562981717595
5561992953635
5547992746905
557193862178
5551997229125
558008789041
5565999433834
551125770009
5511965755087
5592981125252
551147263074
5521999245628
554735148017
5511939539370
5561996016606
5527997731712
5567992733443
5511957171194
5531994592892
5522981817202
5589999132536
5598987004318
5562984760597
551124682016
554330111736
5585981024647
5511981973526
5519997054222
5592999995366
5516981625492
5574999957749
5511964179956
5585985330399
5535988342236
556596214857
5511994705561
5517996256275
5519994186686
556133443753
5549998227303
5583996671123
5598982205292
5516982219503
5511967876973
5592984423134
5511985193186
551134673103
5586981613504
5582993928910
5545984281792
556130468284
5521982667800
5511948508507
5591992576064
5561995742289
5511960665424
5511985159339
5514996015931
5547992036297
5569999846302
5512974015191
5548984231870
5561986412325
5511949107960
5511995268996
5555999681485
5588992077698
5511981335987
5579999102727
5511989141794
551141121816
5551996364448
551938633494
5565999016255
5543999189254
5562981851460
5543999419552
5565999582515
5581987649730
5555999682402
5571988328993
5512997828130
5543999767228
5511982061511
5511951604172
5587999850036
5551998483388
5521981350777
5528999370311
5511911505150
5551997798285
551120849636
5551981104569
5555996757721
5573991405294
5561994000415
5533999142929
5513997157396
5591992566541
5549999005171
5522999668061
5531996449191
5545991076667
5516991033949
5521970225195
5598984579513
5511959243240
5555991203278
5521965911904
5562981317811
553432512811
5551982842950
5548988297857
5541997080049
5531983383318
558441414041
5594991643271
5537998053496
5585981923722
554730290699
5585984181210
553130715757
553799462129
554797622517
5518988245552
5582996891306
556299159644
5561999375188
5521970188656
5521965075977
5511960675938
5561996140387
558004004040
5543998393259
5512997083129
5582999151494
5562995275756
5596991120169
5584994051581
5562982164656
5535999026453
5531987347967
5511969469470
555132096188
5511996809131
5565999610937
5563999517546
5511963039312
5531975913388
5548984688957
5585987266357
5511998733864
5541997130496
5561983651845
554832495235
5561998762210
5511990079966
5585988197117
5527992579570
557135000681
5551992154229
5547992912831
5561992532101
5585997105143
5517992333454
5575998594799
5513997330130
5511956992444
554833809292
5512981262061
5511996178941
554591014170
5562991003765
5585986699493
556233343163
5555999305693
556696029741
5511945238994
5547974001068
5562981625011
5564999554050
556730252454
5567996013733
5581998215902
5531988518822
5521997117141
5511965570137
5565981144147
5548998482182
5511984820132
554333730300
5527999997212
5583988900570
553131104637
5571999420201
5596991693942
5511940165183
5531987096320
5527996646669
5516982440004
5549999118391
5511932298864
5547997396010
5548996493971
5571987914730
5511959363048
5534993228996
5521965033690
5548991669207
5561981937798
555499529954
5569999397185
5593981021909
5511947226501
5575999941919
5531986767181
5568992826130
5561999773033
5581989551139
559991386623
5541984800978
5511985244870
553195015041
5553991421124
551126156156
5521972426664
5512981469392
5517982261993
5591992986909
5522997898720
553433220044
5521964977454
5543996562222
5554991485002
5511940119119
551838519020
5521993197429
5535998457800
5548998199621
5544988321293
554834650061
5586995518797
5511949429013
5519997794407
5594984260439
5541996274725
5575991781460
5551996785758
5562999821119
5547997877875
5511994592968
5513991761015
5533998704078
5516982010558
5581996098293
5535997107806
5547999938150
556684135717
5581987156473
5562994450852
5551989770028
5515988119519
5569992781819
5566996980882
5515981055090
5548988290070
5544997714270
5547999941203
5515981690203
5561981889433
5575988649293
5548988033101
5521995315887
5521967303020
5521992888725
5561999621429
5588974009808
5588996502304
5519999003911
554791903911
5519993545442
5521999918384
5521966315115
5512982696682
5565981251836
5567982074767
5527999897054
5591982555966
5554991007425
5581988919795
5571999884671
5571984268688
5583986455030
551933264140
5581991049540
5512991243426
551535323160
5531971239952
5511997059979
5555991822393
5543996471936
5521964656014
5531998238938
5511973752121
5511982232238
5516991295343
5511986173952
5511933568802
5511991867819
554632253696
5518996177875
5531985009710
551155129254
5562984173131
5531988503673
5581992185000
5521964835070
5582988799367
5521972426516
5563992072362
5548996860308
5514996723357
5586999266568
5515998604511
556999360619
5521974533442
5519994331578
555130491415
5571987407760
5516997970587
553332723729
5546999185248
5543996103095
5545999469204
5519983448543
5548996685787
5548992054281
5518996356386
5583981483871
5511999599604
5585997540632
5573982443160
558281528818
5521979218041
5521995230731
5511947154623
5561993141790
5567992697899
5522992247432
5511989645958
5511980559977
5531995076554
5511968791265
5583999062850
554788008742
5549998263801
551137915910
5511986810701
5587992000830
5564993269960
5598982622822
5599984371756
5535988108536
5521964260836
5521981098867
5585999531805
5547996211454
5584998185418
551138813476
5551981293702
5511996880354
5534996502085
5562984311553
5549999047304
5553981268004
5592982042559
5581985762947
5584991442963
5511978408778
552132176504
5586999070624
5579999308849
5592996042355
5561995577446
5585988371519
5581995443058
5545984267919
5544999338889
5527996464915
55981075824
553141034102
5513998027220
5585981851433
5527988770630
556384169511
5514998573610
5583988478595
5531988890303
5581988414060
5516992609539
5521992191260
5511994304627
554733687296
5516992622930
5513997875358
5531995701933
5531995223805
5561981380618
5511947178753
557196137744
5571992287901
5521993066550
5541984068031
5582996626035
5511954805120
5521982425290
5519989616328
5563992000117
556130252630
5511975758244
554135984579
5521992002678
5528999611621
5521998512579
5555999320282
556684093011
5562982709047
5521972943829
5531973609197
5581993859460
5548998310096
5521981784192
5517996575453
552173089328
553194111010
5519994557841
5512996161646
5532999469711
5544999148929
5571991243561
5519981530240
5521975510770
556599256200
5524999756156
5534984081087
5592992961777
5519982238755
5593992039731
5554992293333
556141019520
5581997500165
5516992581480
5511986052108
5566996430532
5563992670354
5581996634557
5585986537831
5584981117516
5547999921376
5541995263470
552133716226
5567992537360
5561982525223
5534996960983
5598991424076
5511953867652
5511959921225
5598988200800
5591981328263
5581999174002
5511942231207
5538988122073
554835240188
5582998260122
5586999855355
551123648172
5591980245812
5511971042341
5511999625446
5519981610430
5521973868244
5591985673829
5527996100308
5571982480761
5543988123219
5519981299819
5511911369551
5581986912194
5571993652139
5522998111337
5571984000365
5528999726008
5511951208962
5519994413292
5531997468206
5551983507570
5554981096533
5551982820445
5562984856837
5571996199395
5584996170069
5511940864275
5544998826396
551139645207
5547997085235
5511959607677
557399077951
5567991727684
5532991236761
5511934448985
556833017161
5583988753711
5551997090540
553591698172
5511994943003
5554981680314
5512981582048
5571989532085
5541988892897
5564981384007
5519981791596
556282767108
5511999642358
5511947433373
5582999121090
5524993321095
5548991063882
5517997552767
5571992505070
5521964738761
5585994258310
5531997179751
557592540201
5518981370307
5515996719102
5511947840199
556635315814
554331541382
552122543116
5522998958120
5565992686467
5511988888215
5524981611565
5551989432411
5531988986362
5533999824123
5511969011999
5551999646318
5521965575765
5541999222979
5567996262214
5521980113563
554830474009
5544998111392
5549991277887
5547999689074
5537999983403
551633761505
557336343334
5519999704100
5517981248500
5527998619238
5511955572469
5511992669581
5585994317566
5511981380043
5535997443307
5582987371812
5522992237380
551128362463
5571983340410
5534997986173
5511945325515
5511997106224
5547992569887
5531988611240
5511984980697
5561991283139
5582996614956
5516992092504
5548996005827
5561981037419
5579981021683
5515996075808
5519992881139
5528999612124
5594991329379
5591991236573
5537984171546
5511983910337
551155427886
5511971250209
5581973051546
5561985925374
5598982946500
5511976867537
5511991609166
5541999907670
5511958299678
5562991700539
5521986044478
5548988369447
5581987575278
551232037190
5521982705352
556384226152
559335282644
5521964361480
552731012000
5599984564906
5571999754442
5511991719523
551127298509
5532998448400
5595991567188
5518996963488
5562981400144
5522998180861
5547999555708
5519999564004
5518997101606
5543998142608
5512991339791
5522981251265
5582981363917
5511953317917
5591980846565
554335461358
5582999456628
5585981917122
559581198176
556140427042
5571984891838
5515996481300
5549988330399
5581973336360
552193803130
552125220340
5561992711050
5511940849133
5555999458882
5547999180148
5511972016323
554899523212
5515991317985
5551982021938
5514996307245
5551993996762
5519981645570
5512991348513
5585988052608
5547991618360
5511992143635
5555996695427
554832096330
5521979072578
5592993212682
5571987270240
5511973887128
551932770222
5554991972452
5519987219821
5511998810309
5511963381998
5565999239423
5549999613382
554136680002
5519999313735
5543996179480
5582991766150
5521984171574
5585994361080
5563984884454
5547992753202
5531995606150
5585999942890
554734339047
5598984609902
5598970082197
551126670177
5511960289754
554898497586
5583996993493
5524974045675
5592981700490
5567998291052
5511943857011
5521970117946
5583996566762
5517997133988
5511953460975
5562992336896
5511972581236
5565984756476
558597836424
5511993044232
5598988037163
5598982807573
5585996556828
5513997148802
551147654004
5511941158701
5598984728500
5541999660609
5571987402116
5562995534096
5541999753871
5531997541161
5516996466957
5581981851011
5511954798474
5553999790904
555434625434
5585991033214
5521980844599
5584999992560
5511949635492
5599981049079
5592994325054
5511971205878
5511913016593
558330213521
5516991284646
5513988848835
5592991995059
5511988947355
55091984286582
5521994174109
5511985856159
5567981498340
5586999373376
5599991457005
5522992939968
5511988898019
5511999579922
5583991797816
5521987981300
5512988491206
5561984005145
5511999689222
5527999453370
5521987181178
5514996399005
5541998572682
5511960116438
558130976783
5571993871006
5514991049839
5591985111249
5521978803602
5518988089650
5577999474818
552132394507
555197664414
5579999993421
5524988784300
5589994016339
5517991053170
5562985931909
5575991846365
5562982498434
5511973757650
5527999982954
556596702707
552227622688
5521976337306
551632893123
5548999135960
5547992663051
5511948868048
553591257632
5521964707254
5594991361797
5583998378653
5521964387665
5511947443390
5567993474047
5511995999820
5538998440039
5561999878093
5548996177180
5584998035638
558130647616
5511956928549
557132672636
5511970929933
556233751140
5511910499229
5511984808347
5575992856823
5586994922323
553125550059
5521969626015
5554999741580
5511987556645
554232250774
5527999287770
5562992497099
5511984841661
5521989089990
5519991424274
5531985982726
5592991449181
5516992336800
5511988349619
5554997077787
5551986877555
555330293282
5519981391992
551143764303
5527996101309
5583981228981
5522999721021
5551992930904
5521964399367
5511996577221
5522998503115
5521990909141
5543998271846
5571996105034
5522997055467
5511981930930
5547999608552
553134374160
5599992045208
5561994155993
551147484292
5511976755279
5521970279120
554799737371
5561993408077
5551989091925
5511955920011
5516992872985
553184921335
5521985555523
5549998309667
5562982735151
5571991375753
5551999378770
5581981864711
5568999681604
5564993171916
5514998689488
5571981125371
5575999167005
5583981271632
5541995657312
5575987101379
5534999915458
5512988949165
5547996257163
5517981524379
5565992822607
5581991948757
5561982362901
5586981940676
5561991174617
551123862001
5521970476512
5511982247170
5566999668811
553197248137
5511997489693
5517982223725
5521988116508
5511941241011
5593992244543
5584999883361
5591980868328
5548999970095
5573991610541
5594984182626
5585985864485
5548999229170
5516981240142
5521971293825
5541991523758
5548991415822
5591993508282
5512981530869
5521979148352
5538998313313
5548996562896
5511994318146
5544999298255
5571999902105
5531998525197
5522988020225
5518996541743
5574999575095
5511991450992
5521975229646
5588999167850
5511983034598
5517988279291
5582991808282
5555991790353
554799579676
5521985675112
5511959102568
5521994249993
5516996231231
5586981292501
5521964092419
5519974064752
5579996654387
5522981789088
5548988310396
5544997122460
5521990961396
5544984268831
5527996983960
5584981541111
553132411700
5541999916650
5596991113108
5581998531238
5511981911013
5535998456571
5588996235175
5583991083053
551141309717
5592994201790
5535997133965
554891392342
5521970115201
5561999165760
5581999902080
5511984880369
556332131630
5517992447479
5521970445834
553193960974
5583999455837
551127775700
5569993624324
5515998403647
5586995141413
5562999757290
5516991551458
5511933306906
556239450023
5581998814748
5582994041871
5577997020263
5583987245989
5592982022576
5511986211472
5549999472700
5534984291653
5548998223401
5545991092120
5548988378935
5591982518413
5538998020568
5563991116777
5528981181764
5547974001297
5585988479839
551142063202
5524999575454
5561985605875
5584994087198
5592995092592
551149716127
5527997984760
5551983009273
5547996065734
5548992098247
5563981422787
5511940398336
5531989156714
553138522497
5592991323384
5521999712404
558496195806
554796752300
5511987744832
5511997690144
5581985226665
5511930169886
5581981850395
5521967271681
5543988624187
5565999495949
5547988690011
5594992391986
5511982445988
5547999915890
5567999872498
5553999405960
5517991213595
5543991532169
5566984601167
5547999044355
5518998018394
5511999781079
5592984134194
5515998178735
5593996413713
5547991490304
5511991308281
551139869726
5585992253825
5519996580432
5521970166630
5532987074554
5514991922771
5577981043362
5565981135215
5582991155418
553498251564
5518981978828
5585987705764
5537999071021
5567991067814
5514988339356
5562993225127
5531997943016
552835261450
5585984187508
5531991960115
5545991071353
551732298063
5511967649946
5567992850965
5553981268959
5513981878714
5521983172223
5583999928603
5531983344484
5544991711628
5511932079898
5581985457752
5548988202382
5566996831899
5519997127369
5527999026581
5585991010767
5561999199929
5564981236444
5527998665577
5521964244618
5581993146561
5591991298181
5511991285176
5511966037332
5531986647513
5511970390432
5561984241000
5548991404102
5566996963288
5567984724635
5514997236833
5583988128031
5511970334477
5531999953588
551633013166
5519988937793
5579999647876
5591999666234
5532988891148
5599981628158
5586981247351
5521964854920
5544991228951
551932895427
5516997551055
5511947304050
5548998372161
5511970252410
5562981629967
5511987684457
5592988412942
557736287300
5542991263188
5573988302704
5511968352694
554599670708
5581998226887
5565999957818
5566999249890
5541991438068
5511963742512
554891294715
5564981543067
5581988738750
5515996089307
554733329355
5519993316110
5575988560877
5562991008070
554733324580
5547991234733
5581996558147
5586988843149
559192442372
5527999161987
5598984008779
5513988303030
5548999690672
5551999877678
5571993747464
5583996549888
5514991115564
551136084000
5511983145207
5545991211599
5571981832461
5573988196899
5511983035627
5531992438581
5574991185229
5528999181870
5511947845997
551142008293
5511965447102
5519983910645
5585997508725
5541991148850
5591985264805
5571992936662
551135111124
5534997196515
5567981243138
5562992483556
5549991088958
5562985210206
5512991224340
5564996461446
558232213456
5511937417579
5561999978515
5511982551105
5521979829580
5511942967682
551136082640
5513996270078
5512982266895
5519995760231
5554991974351
5541998264874
5518997080251
5533999481405
5522992136756
5586999751190
5521964575487
5512992035433
5581998768431
5569984930903
5531986605749
5527981517245
5528999316683
5543996549186
5511945730355
556635446592
5521985068665
5514988044707
5541997076829
5528999343800
5531992018717
5564999668771
5518981167681
554720338110
5587988198770
5583986464671
5583981157744
552121471262
5562992026649
5511941413544
5581998004470
5512997913677
5585985416054
5581999963105
5511943779940
5513991370050
5519994467676
5519991791283
5588998075863
556130392199
5561996304135
5521998583417
5521986521094
5592994753177
5581995773649
5561998110680
5575988286546
5542999295744
5511941877437
5548991168583
5582982312330
5574988168193
5511934206293
5522988178408
5573991333337
5541991561938
5586988587133
5521995492565
5521987742711
5584988842596
5569981281200
5511982248949
5581997044922
5519991429138
5511952533713
5563999326372
5598984260408
5515998457127
5531995992464
5543999290987
5511952686636
5598981830050
5521983781045
5571997235848
5521983416500
5562992026904
5516991260235
554332580564
5586981404441
5592982071133
5511947014381
558288892252
5591989561011
5521983366191
5519989281776
5571984019931
551132511067
5561991474700
5531971247612
5521988060220
5531993778348
552137969946
551432346878
5513974153039
5513981016725
5594991311108
5547997744954
5511950014759
5583991881313
5571992450061
557791123704
5577991257727
5522981638184
5517981787544
5512997872498
5569999616569
5549988094292
5571996703474
553799226499
5562994760074
5547997863975
551145520806
5562985777765
5585985664102
5511949647273
5579999467192
553136218124
5527992817712
5562981009591
5522992171561
5541984253858
5511977666609
5584996850525
5544998071733
5583998210499
555584192289
5521971212309
5551997444662
5585997819077
5521995791219
5521983878539
5591983641819
5588992701072
5547996233958
5511911126898
5592992891577
5581981749790
5514991554361
5585997414592
5511945392305
553131912655
5561984169142
5571983546624
5531972395255
5511996866900
5554991017727
5547991351903
552733898066
5592991011498
5538988393536
5511973217601
5514997964116
5571991408300
5592986414616
5587999242406
5562992798011
5581987794416
557932119119
553898379813
5511996328813
5538999293735
5599988299304
5549998116771
5581984042833
5598991285681
5554992639278
5575992702032
5562994142393
5511964191441
5518991133663
559189953438
5511997200300
5585987670845
5567998674666
5585996072831
5524998279807
5531993475667
556198024559
5511938008231
5517996539733
5531992381152
5519996339927
5521997372223
5511947343383
5519994619042
553188886861
5581996171350
5585989289240
5537984049372
5564984559359
5584998455786
5524999385103
5549991262172
554733400203
5511985493134
5581985020516
5562982645240
5551983069002
5519974227845
5511941068578
556630150900
5521983697408
5511951405141
5511954800599
5551998986268
5543996848447
5548999178283
554140425432
5599981239220
5534996745364
5522997334364
5555999180484
553235410046
5547984123910
554830371001
5566992025906
554884551805
5548988316098
5511976305732
551633928330
5535999773999
5511996975955
5571991275500
5571985259369
5583999841394
5519997572342
5561996466368
5585987511758
5591991820286
5511966549407
5579996079442
5569993593909
5521978826817
5561992842289
5527999865446
5521982036820
5521976298166
5541997818917
5547996924151
555180626072
5511987256505
5535992544452
5511970139451
5562996475338
556130459882
5511971933353
5521964194092
5551996936555
5511997361747
5562999068917
5515997950554
553137897740
5527997659696
5521971274357
5567981459658
5547984612091
5593981181230
5511963380523
5562981091859
5531989881092
5564992862204
5511958541986
5511947008213
5551994151246
5532984304719
5511949451561
5565996793090
5568981094791
5549999891832
555193164277
5547991607755
552733398207
5531991585628
554599771277
5588992239708
5583996565561
5584996781085
5527999015109
5514998841411
5541984437277
5599991716561
5548996162698
5551989578333
5584996329614
5577981411212
5521982442020
5521966633343
5531989800028
5517991923338
5584999360001
5548996950453
5531998668621
5521997159992
5511959542019
5521991482515
5519994660100
5527999070180
5555999339935
554791586018
5541999937249
551131327766
5511959650353
5577999956925
5511995562511
5531983212275
5519981673966
5566999999198
5547999991333
5511932226336
5581992911330
5548999012853
5511963448663
5591982640840
5521993748833
5581998186262
556992420418
5545999476550
5511992809205
5583988121403
551233089462
5511971616168
5586999451715
5561986287824
5555999434158
5579999827072
5585996064521
558585987777
5548999582377
5538999353960
5571988967475
5511949496548
551235278841
5562999374086
5521977213920
5521975822975
551138358198
559884461621
5567992015566
5511942941687
5532991224691
5551992238585
5531988799154
5551982233601
5582988880100
5554991584314
5514981032120
5524992138460
5511992309079
556735249703
5561992136472
551532511629
5579998743011
5521999980813
5562985551545
553488094000
5531990634432
5583993911733
5521991682517
5511993711191
555181116489
5592994999128
5512996330215
5519998965140
5514997986749
5521981958626
5519992123065
5511932404888
5522999079351
5577981052632
5511976084499
5511999546961
551937818000
5511911070111
5511944027322
5548991199497
5519983065514
5594981147322
5519971320328
5598982732282
5579999925198
5575988148083
5562998057466
5514997327015
5585992030346
5548998333423
5571994172420
5571993403499
5511973001793
5551991395089
5562999287277
5511979678208
5524981717950
5586988746462
5571991371579
5511997116683
5581998244845
552127173769
5511953429070
5567996834343
5585996675057
551126719089
5584991361736
5581986507361
5519995570367
5519981062218
5549984336744
5511933378951
5521972577978
5531975246828
5571992601140
556793283232
556298099000
5562981729511
5521972359338
5515981287772
5521990198477
5521995502396
5561993085003
5592994868904
554599636423
5512996207676
5563992015590
5562984894007
5511957224814
5581994409445
5511984548614
5531995896362
5511947628410
5521983097463
5519997387260
5521986194618
5511971205891
5553981058787
5528999941719
552125371224
5516996281898
551130811443
5512996709061
5522992488947
5521965806659
5545991093409
5511943782416
5511937220592
5517997274352
558291872079
5571996894567
5511968524328
5565999826038
5519998373637
5581991721464
5594992026236
5585988892557
558530944281
5591981643825
5521991669575
5521964400246
5535999545154
5512991249472
5548999697561
5511999252624
5532998475151
5508186467157
5544996006882
5516996293903
5511940163932
551133833700
5531984189501
5582988285237
5511967231620
5585997950452
5571982763536
551137550515
5547991129790
5535991929626
5527996520674
5511952454141
5512997606176
5541991475793
5511947392122
5581992729103
5582996344482
551150411245
5522999910435
5581984461930
5521995682998
5541995957844
5518997772964
5565999173818
5519993727105
5511999295558
553125196640
5562992375561
5571996313190
5598992047123
5551998342461
5585999659782
5511990061290
5592993630263
5511986211148
5567996587887
5564999655999
558133620907
5515997338459
556135467855
5551985238725
5532985246401
5561982437308
5592991461478
5515988338871
5521999776000
5533988957963
5512981037474
551533885891
5511948300369
5575991973738
5548991912894
5521995575196
5588996582619
5521983201819
5562981256421
551143190315
551839029220
5521973467037
5571981904341
5581988946911
5535242303
5538998476843
5583986102973
5594991769030
5586995776627
5582996831107
5521988892257
5511993348327
5513996849938
5568999993843
5563984317658
5513981938950
556234328437
556696795207
5551998098650
5511948277185
5521983056885
5522981763371
5522999821510
5513974217970
5565981159756
5586999810080
553137891779
5511981837836
5531994420130
5548984344237
5541997858684
5581997103796
5538984165410
5548988728435
5521988271818
5511959241467
5511986701507
5551997056616
558433017888
5512991195510
551621900178
5548988312917
554788622887
5512997171683
5585986986303
5565996728488
5521972602420
5562992924698
554732854985
5575983518456
5562986425240
5533999615996
551130425929
5517991588584
5521989380285
5511943337738
5531996648532
5583999003285
5522998020211
5591984753504
552125233086
5511971402140
5551994234448
5554984382963
5567991294537
5564984468273
5512991188388
5581995460361
5519988360235
5511996313381
5577998477931
5562998152112
5598981426143
5547996673741
553183521760
5569918208808
556796837924
554196872515
5581998532408
5521993536907
5544991399392
5517982318052
552138450931
5561999580195
5511979712849
5511981292581
5561985104489
5599988497513
5527992317964
5512982399759
5513981622700
5569992963927
5511959392042
5585997731834
553438230225
5521997599642
555198452073
554836580111
555130300112
5548999528966
5566999689790
555130212200
5585999862255
5521999009964
5569993708907
5561998241342
5586999845652
5511963615499
5562993076926
5519988349388
5531989018972
5534991415564
5575991847719
551925332127
555192841980
5521990305777
5567999776950
5531994846411
553130580691
5562993261239
5547991239498
5521991921561
556282387247
5551985750119
5516988366646
5531971520408
5586998517712
5541988769143
5521969080786
5531997398498
5511988803253
5543988285872
553135864200
5551991407706
5562981848441
5519993160091
558421338130
552136744008
5516997444897
5544997505191
5511999769280
5516960223361
5586995886375
5512981363976
5521970021235
5531994200667
5541998259110
5511989101426
5561984141463
5511958349328
5579999002968
5519999557070
5562993918831
5511973936389
5582999549203
5582998046629
5555999020977
5511966098550
5518997224970
5531994114959
5531982328947
5565992540003
5521994325769
5584998977071
5564996173888
5544991582886
5551999945893
5511947206130
556185407670
5511989259719
556530575200
5511953981722
5571999036380
5511960162848
5537988386522
554988295326
558298268236
5512988684087
553184446667
5527992033557
5531981024473
5511986790953
5522997288006
5582981916666
5521988403456
5573988864161
556634983190
5585991223951
5561996197821
553187250984
5521977282880
5519974041852
5511959325541
5516991915662
551128422222
5573999501682
5531995428113
5551992938656
5583998492848
5511982697158
5519982691076
554896208446
5582996741777
5511982589427
5513996699091
5511939363698
5547984774000
5519984116602
552730151000
5583993845138
5586995719222
5573999337189
5522992436891
553298301887
5511987112473
5511933656393
5511942014990
5548996907587
5584999964845
5511964462565
559285841180
5561991877091
5511996091030
5588997674642
5583988395353
5527996303175
5534998981202
5511989502957
5514991306058
5531996171200
5533984100114
5516981586232
5544998656845
553299863831
555332513182
5511975431238
5533984402796
5549999000032
5519989176136
5513997560027
5511981925661
554891624155
5547997397065
5511949156678
5584994110469
5537999419980
5535998128069
5511948575831
5583986092358
556239438664
5571985121899
5588981518884
5511963992312
556293490002
5551997502944
5521982437216
5588997334040
556299301680
5519995785876
5585999551148
5547996323612
5541998735443
5573999106752
558334313815
5522998772938
5542999099934
551938954668
5541987434398
5511933622747
5511983064904
5571992005462
5534993389962
5581991938476
5522999346909
5562993368459
5511988659731
5511960628224
553191266910
5565981411872
5531984075335
5519989699309
554184853027
5535997320332
5581998073009
5511953505555
5515997762467
5592982265234
554136432050
5512997343830
5541988606080
5511945715781
5573999796454
5518997932111
5551989571809
5551984125679
5531997247275
5512997171304
5511947293544
5562995557671
5595991194676
5511958494829
5514997762322
5582996291269
5521980592082
5575991158195
5511944714831
5562984148940
5567991656440
551129361042
5598983441652
5566996154948
5546984192494
5592982581812
5531994116859
5598984556225
5527997629388
556236244676
5575983459411
555533227077
5575981366544
5521988645026
556188452112
5531997754864
5521972410228
5535988121467
5548996183015
5521980782736
5584999969096
554932232508
5583996014314
5562994633820
5547984233251
5512988182467
5561995724906
5511932028757
551133264903
5534988049929
5511984800779
5584996650990
5537998369212
5548991062042
5551980595100
5511953595429
5511969935973
5531988121578
5549991481405
5587996014291
5516997296822
5531999542192
5582991329251
5511940477997
5511947255877
5531986586377
5585996113347
5521967295012
5562991517979
5561984060424
554130780005
5522998449565
5579988258177
5547992521375
5569984149836
5548991079843
556141033061
5585987144711
5513997983646
5551995009087
5511911124328
553832209000
5561995840346
5531997056589
5518988226184
5562983135633
5599984269912
5521979220000
5511974288535
5598987839244
5511977297218
5591984435420
5548988530288
554132873485
5547991492928
5521964768107
5511930996712
555391413629
551127372039
5521982970870
5548999594986
5511975531105
555198303088
5519992824928
5518997091508
557388118976
5532988486557
5517991385665
5549999812656
5586998338819
5583999396283
5582996773538
5551984984738
555195909949
5511913476473
5584996294658
5511962653344
5563984895278
5547996586516
5551999180671
5548999612493
5521987494010
5584987013383
5521990665227
5511971347072
5527999424215
5564999885871
5585985495503
5521993680539
5532984159585
5581991563269
558934223644
5511981591832
5511968767973
5521975373188
5535998094090
5544998292136
5521966342393
556599010707
5562981152535
5527998590934
5535991370659
5511993644751
5534984122495
5562991524930
5581999187903
5531997508978
5582993318825
5571986327836
5554992871818
5561983809656
5511971550855
5573982481907
5516997118412
552120180465
5595991351344
5513997322933
5592981917495
5581994166161
5511984447424
5511963489439
5588988769130
5562985201192
5511996556449
5591991269755
5518981201386
5521975602969
5561992607078
5581987072204
5581997467884
5573981220910
5547991853473
5512988082110
5527999593020
5541998708513
5585996667229
557134611065
558133396566
553132862225
5531982187918
555132288992
5551995141332
5537988121663
5541999374396
5531988362110
5534988244649
555497109144
5554999906590
5548984787492
5511992160393
5555999621528
5568992320048
553181165236
5543999785486
5586999206587
5581991415550
5534933005775
5565999235317
5511947067018
556130364752
5512991413755
551639523886
5586994537046
5584997089972
554894059486
5541995037741
5511942002352
5531991197697
5517996175727
5511961605227
554733823208
5519994465588
5567998663848
5587991005648
5514988122688
5566996231049
5561992074127
554197047486
5535998324061
5599984158871
554733750458
5553999914853
557588728553
554792839032
5547996997619
5521993518451
551141195308
5519982329876
5522998701646
554396636162
5598988332801
5521964749855
5548988646404
5511985367764
5527996535203
5531936496404
5515991412187
5519996399962
5561981524010
5592999948910
553399686466
551155790242
5551991130045
5511911059538
5545988290349
5511990138485
5511983330058
5511974580657
5511986935552
5598981193942
5511999211775
5515997282889
5571999814370
5531982041063
5511958975352
5562992229659
554132852956
5511977131659
551837059371
5512997055515
5511979628553
5551993156679
5519974223287
5521974040783
554838795083
5521993072367
5571992288283
5554991441732
5581971815951
557188100028
5588998361855
5584999017889
5561996259807
5562995704479
5548988564967
5521999653468
5569993592342
5524988577341
554932245822
5583996273373
5511987070850
5512982673363
556432133337
5521971378280
5554991005864
5514998498113
5514996665544
5592993584169
5531971380183
5512997086049
5592994467934
5511995964828
5541992460305
5537999115397
5511971100623
5512997776932
5599991283707
5561983162068
5511911892873
551236346060
556130387505
5538998452538
5521983457538
5534999374625
5594991837912
5521969466109
5598988441938
5561996965940
5583996378034
5562991288188
5513981252135
5521969590632
5579991171413
5547984737487
5512997675588
5581992388696
5521996349966
5511989634235
553832551133
553598913329
5521969254079
558532476096
5519982610062
5532999290914
5531996663325
5511987303333
5581996921219
5521995599858
5547997018743
5531998019022
5514981995697
5511998639906
5519996116688
5592984912668
5548999762692
5511966017206
5511963790587
551130783719
5548988377766
5569993840348
5562999868879
5511969285506
5521992140604
5511912989696
556130260180
5521984626972
5532999311021
5569984724977
5511950257839
5555981174710
5511952721631
5521982123973
5543998135666
5584987466577
5592981316629
5588994905266
5527996174306
5518997994727
5562985615406
5521966505561
5535988740393
555599634991
5591991927101
5511980879532
5512981996301
5535991123884
5592988552417
5531991213191
5534999962077
5595991118439
5579996117309
5565981206998
5547996073067
5531996533933
5573998722315
5511984303223
5553984574045
5511982097038
5571988081778
5562983385392
5585981201001
5561996617669
556230876585
5511947330315
5575998804450
5521980895407
5515991020001
5594992586561
5538988360472
5518981519001
5567992487218
5582988031981
5563984023744
5573998726055
5585988749282
5519983565337
5517996670467
5571996584897
5518996930099
5577999140411
551153440718
5549999470448
551932811010
5538998031944
555140637121
5585981220355
5521966520374
5581983357351
5543998005000
551143285210
5588996834876
5511983751342
5585992479557
5567999058210
5569993706588
5528999563191
5531974012442
5511949707479
5511991301772
5511984597926
5519999079403
5592991219729
5517992567836
5511958630168
5548999031659
5541984161607
5581986640696
5584999330710
5581997322403
5541984112071
5533988987554
551130427542
5512997749814
5554984148346
5522998763107
556186292543
5588998060688
5531992070026
5533994507001
5511981087312
5585996104657
5582994110428
5586999616263
5585999139791
5562994078138
5567992686353
5581992483809
5582999257816
5581996436103
5598985091639
5538999472926
5519994149197
5598985173654
5561995760880
5554999783816
555134076870
5519971375351
5588996629090
5511982211568
5511934762850
5582987080974
5548998212576
5521994295970
5511962964623
5553999202110
5588981891579
5569992795530
5534998859750
5514991079049
5531988320506
5548991507897
5521967696728
5541996655318
5511986605453
5551985561696
558008870907
5521973073542
5511989875680
5511989108331
55419988410675
5511980576777
5564981049056
5585981510683
553137732222
5594981001233
5521982773830
5521983987631
5562993774953
5514997497260
5554996767414
5521998594674
5548991584943
5531992016881
5511968180178
5514997002493
5537991349375
5511958967939
5519994269160
5531994868088
5519996553909
5547988042131
5514998400948
5519992666275
5562984031969
5541999105396
5577999206060
5599981049518
558632132030
5588988444051
5591984982865
5522999777197
5561993387794
552730755555
5511996383104
5521995855666
5551991563883
5554984495342
5522998050409
5582981148861
5522998802470
5583986102373
5511999316332
5521987005386
5537999342400
5511991452062
5521969399963
5571986955991
557332612209
5511958940085
5599982069987
551151814624
5531991065450
5598982666713
5527996334870
5514996967909
5554991804352
5585986460911
556899826328
5554996616319
5511992691080
5521994101127
5583993847562
5511975147658
5531997117600
554796153654
557998064181
5511934540501
5575998627689
5514997610297
5551992508358
5521993697252
5561996550097
5599988469678
5571999139374
5537991023781
5512974014064
5547988487447
5522974051333
5549988262495
5561999492444
5531982860802
558133227911
5514991429590
556635315266
5547988374768
5553981403595
5581991226839
5521999866464
5531994890769
5544999797140
5548996402783
556282614283
5511973344545
5551996450088
553891437639
5593991417323
5531998514275
5583999014735
5531995154034
5584981735668
556239950315
5521966224743
5535988389547
5567984377333
5554991202686
554484077552
556284284499
5585989289197
5511964579377
5531998930202
558130312221
5543996595245
5581999725671
5548999000907
556692311268
5531991339745
5511982369304
5521991540902
5554991290683
5549998207434
5511950505692
554784599448
5599982029675
5521980364848
5581997036106
5511995165518
5512996030568
551831991100
5571982496479
558881444005
5575981062998
5591991270598
5521982245188
5549991785187
551934459400
5511940441118
5571992275512
5512992358740
5564984169623
5571981443399
5511992701787
5551986302562
5599992249935
5585986247275
5581995364925
554130906087
5531992850702
5561991771428
5544999949263
5522992787120
5598985071981
5521972829494
5534993333300
5565993073397
5521980804691
558334215711
5511964972323
556335718016
5531971646854
5511985536309
5571991163323
553134251524
5585997318893
5515998538409
5571988322976
5535998435372
5521992368933
551126406441
5521979322357
5598987510838
5531996112388
5588996601420
5511994666106
5514981040798
5561995877148
554832421414
5519974026796
5548999697788
5531984708100
559935263064
5531991712126
5547989116713
5551997198002
558537717968
5585991306008
5577991863070
5571988021054
5561994467659
5567991049192
5511910090803
5521987484928
5512988326803
5571987616422
556182720343
5521991266668
554788799535
5531971130037
5511981721859
5511989510025
5545998451126
5581997168603
5519989584916
5554992054199
5585987127115
5538991218634
5575992257425
5598985400598
5544999525000
5531988264018
5581988739273
554784885352
5571993230561
5511947398304
5527981253344
5571991989175
5537991275645
5575998529218
558598151594
556399913266
5579996724607
5516992785845
553588172827
5538999369462
5585982234572
5544991213535
5551997800263
5548988038863
5531992591922
554733699012
5541999366580
5588999320927
5517997360575
5524999186648
5534998274009
5531997095440
5542998752083
5583988653412
5511986527350
5537998026115
5584988028784
5598970286457
5537999038773
5571992589347
5515992015050
5593991539517
5562981418416
551937013006
5598985090166
5548991320489
5594981765115
5581986794323
5548996147101
555199651414
5531985109684
5596991104027
5512982140406
554899657979
553121173000
552169176996
5554996383638
5548996086665
5531992553913
5521997086662
5571993552470
5511996155029
5579981077813
551941192552
5511981823629
554792246194
5521980136566
5517991422990
5551993718751
5547992971111
5517996621694
551138586363
5548988155947
5511971718634
5549984148424
556130344559
5569992398121
552424581789
5511982030885
5511943881501
5511983096141
5571999204332
554898838459
5511963739440
5551995354396
5547992225055
5555984012525
5531996866376
5564984040286
5511995106651
5514981824905
552125612972
5521970291389
5531988886102
5587988121319
5512997096843
5569993960817
554191543070
5521964510616
5585988707327
555358006110
5551999781454
5586988562456
5561999030137
5534984154918
5581986391576
551138098700
5577999922992
5547991102922
5519993199469
5511991642637
5598982711315
5549999699498
5511987108659
556730263939
558288350000
552121472212
5573991293878
5541995456136
5531996060388
5511983854969
5592991411816
5521965725606
5544999190323
5511993070619
5548999690041
5567992921699
5548998654728
5547991970836
5585999988783
5563992103667
5521983024512
5588935323743
5531985963782
5513996073591
5519974163714
5582993638786
5527988984453
5548991487402
5562985557150
5545999483160
5547999400803
5548933005978
556699660395
5521996825779
5521992928386
5549999209661
5511983703207
5534998664039
5519998250044
5513974038962
5511994341074
5561993322487
5531986552844
5588999012435
5571987122177
5588996775346
5541999101568
5532999120895
5511952535929
5573998721688
5581982652018
5577999160302
5562984700635
556799394998
5581998792419
5591982590303
5584988107343
551639312120
5511997715604
5541997732476
5534988974939
552132514906
5561998342674
5551997272424
5531997747571
5519997850225
5562982396929
5527981505480
5531971231832
5564992625067
5581988206198
5583988756557
558433162038
5524988700151
5548999439156
5511991402651
5571996148707
5533984605722
553899738834
557998018605
551234111120
5512996652101
5561996566600
5511972249036
5564996611854
5519998008028
5575982921316
5531987557296
556133449740
5573999837000
5569992947261
5534991926222
5593981255001
5553999603116
5581987166654
5511991078191
5551992340049
5517996772112
554832411144
5538992182236
5511991640259
5579988618444
5531975189946
5594988070243
5562983106058
554199143780
554796448781
556735220811
5521982373153
5592992231230
5514996869227
5567981273581
5512981132190
5575988051649
5586999513523
5563981115110
5548988125040
5521982879604
5521964139056
5519998194394
5516988150904
551735129882
5583987068348
5581996867661
556232812309
5584987533547
5551983400795
5521992395695
558535122233
5582981238234
5571991790975
553137766600
5535999276004
5543996790455
5516991990030
5527992334777
5544998278236
5519996755881
558491977318
5545999440654
551124507956
5519992324361
5534992295202
557530230088
5521986466560
5511956825069
5581999367969
553131421066
556696274221
5531999223561
5531985343545
5519996528624
5511977972194
5521971125395
5548985080536
5515996874218
5591988342115
5577988339119
5585997437093
5553999005215
5543991394799
5571988386448
5592984255641
5514981760201
5555999507902
5511977510194
5514997984520
5584992339154
5551994312867
5521998811519
553138911524
552740422002
5548996402106
5534996799821
5547996460591
5548996063871
5599991750926
5541997218018
555421088250
5545998092665
5583988090909
5518997166595
5547999812425
5519998297381
5561996613526
5562981915903
5591999187067
5562999502292
5517991376343
5547988135017
5555999991132
5531971256937
5582981328447
5543999513432
5511987774160
5519984065868
5531999762866
5511943979311
5554999254665
558695151077
5511956378808
5569992077549
5551989191435
5511973064959
5521982832625
5592992771176
552124523004
5548999366715
5551997610363
5545998339863
5569981095272
5562998497868
5547984196494
5511984378573
5549999174595
551145218900
5545999998088
5511985440741
5563984887563
5585987939687
5527997600921
5581998348008
5581992261900
5551984844129
5541999062561
5561998905000
55094991433159
5521976293726
5511957347183
5585988374134
5563992781347
5519997272309
556296255454
557199110830
5519993325750
5511998461952
5547988489201
5579988113612
5592993482066
5514996128282
551132803090
5527996388609
551125713641
5584988313373
5583999542246
5579991624887
5514996599006
5519996895488
5561996453115
5518997169936
5516996411994
5531992130673
5548999166462
5511959385816
5585986384342
5585981483848
557532511340
5555991574769
5511932732202
557999508441
554891248316
5521975182708
5551981555977
553132228232
5567992663453
5511989130531
5571992327588
5585986544150
5519991187105
5521993575759
5597991502195
5511973384018
5531988373377
553332039545
5547999593459
5548991365133
5521991621990
5511984194500
5531984186886
554833656327
5561992517253
5561982313100
5586999134263
5511966658904
5579988292481
554933240789
5514996610445
5581998681117
5547936180776
556281479568
5562984555434
5532991433708
5519981008334
554884093266
5562998383848
5561986665054
5511944682321
5551997127917
5511942410679
551142402211
5551985551504
5547988429339
5531988111002
5581995308385
5543999043894
553535531662
5551998214961
5535988990009
5511953285575
5521964797661
5531991577593
5545999280443
5519992296847
5551990084433
5511943814636
5541999374566
5511943445042
5581992293251
5582996445638
5516988766978
5575991533169
5511948381901
5588993407699
5548991307119
5521998026506
5571987597100
554198423689
5585992629698
556298586277
5585998201194
556992415283
554433051237
5527998417284
5516992222485
5519995934133
5511920062449
556294903776
553588786958
551935241953
553173522050
5521965934877
5511958342609
5515998031611
5581996848853
5511970693139
5551992278008
5521964046347
5571999636740
5511953729470
5598988227507
5548988581832
5547991310258
5585982157249
5511962921860
5548999017343
5511970357776
5598987706722
5562992662414
5581982221509
5535998428086
5548996107348
554791853771
5517991255569
552741412239
5511991846208
5545984045771
5519991524559
5548984781692
5511974483652
551139954920
5575983641889
5584998143300
5571982440047
5571997226864
5517991882319
5531994814654
5561998596696
556195000370
5551982611071
5514998036427
5511981101032
5566999086716
5518991119701
5521992261205
5547988739905
5531983950691
5517981865229
5571992452466
5531971210887
5511998207778
5562992885233
5511991968311
5518996064432
556284328606
5531973415296
5535998786395
5599992029333
5511983122959
5586999211265
5551994047373
5521968893405
5584994813907
5591983699044
5545998523346
5581987907782
554497439398
5521989570003
5575991713954
5516981927124
5579999244099
5511983606702
5521991901800
5519999899420
5531993957933
555384592936
5531996107411
5571991589153
554699774634
5514988147576
554733431059
5516991988070
5514997799165
5511987147544
5561981343001
5512981828079
5535998802703
5548991828193
5579998776224
5514996983190
5511947564288
5515988333335
553191860683
5522999261953
5547991376965
5512981037265
5584996214869
554533057064
5551984385845
5575981394132
5528999771906
5532988164412
5585999136578
5573998273001
557583285165
5511996792350
5511958843811
5521976580815
5561981462186
5517992369165
5512982315326
555131034423
5565999597957
5521999125312
5567998739082
5592984381374
5511958890659
5541999201144
5522997175501
5599984122027
5562996176992
5511913744327
5511973984359
5531998742822
5521969972999
5511940899968
5581983620963
5574988030875
5521996694609
5571997174786
5511978363722
5562992159323
551141935550
5538991429871
5592981492081
55984180893
5521968160591
5592992012134
5511983736665
5567991019800
5575988748352
556232840179
555136842476
5522998675800
5527992788960
5571988071744
5519992088667
5585988406015
5511945551843
551134212277
5521981452250
5571996644637
553530420832
5537999674949
5541996499269
5547996961454
5511951388446
5562998552025
5531975060565
5586988156587
5565992140795
5591983510458
556581006908
5514988083066
5586994297403
5521975178516
5511958358522
5562998661129
5585997401148
5549991375105
5592991647728
5569992879739
551142105555
5531995689649
5511988951604
5562994499706
5571997073131
5567981930647
5519983227250
5568999927576
5511941187320
5511993628763
5537998456633
5561991896318
5583988453517
5571981692894
5561991099311
5588992633015
5565999122169
553284340663
5511944191227
5585985517565
554991431975
5519996387276
5562982783165
5531984362620
5584991494878
5514999059888
5541991831504
5585996942851
559899628888
5571987128188
5521951001799
551239399069
5571997431388
556330142865
5571992649163
5592994158340
5515981178160
5513981872523
554130147243
5511913274805
5527981357465
551122734343
5521996304822
5531971444399
5521964979137
554498403640
5575982094204
5511994927069
557999959203
5548998662109
5583996563918
5598984211905
5581997634952
5531971717611
5599988332152
5521995295955
551732224647
5587999473918
5567999184670
556291112255
5524998508746
5527988103184
5511934565031
5511992688649
5522997485208
5521966652267
5579991447300
5516991536693
5511981280642
5584981085262
5541991263700
5511984012814
5584981544754
5511992456960
5547992305224
5511946800923
5555997229959
5518991409503
5519983970075
556296796709
553132441637
5581995205193
5531988503144
5524992000940
5511973608104
559293830498
5516997981004
5551997082217
5585982155850
5511994384898
5581998981064
5531997017997
5554996385546
5519994236926
553535211370
555191701180
5585987263326
5545999025217
5582981122332
5581998935205
5555999918585
5518997053619
5583991631838
5512997853748
5551982363387
5535984467016
5511997885008
5589999925905
557599575610
556596693290
5549991467471
5585988048752
5599991594282
5511984744690
5562984655966
5585988434993
5569993968856
5581988772326
5521996563472
5515997820327
5531994776446
5527981198268
5567991194468
5516988270500
5511973590067
5537988067769
556186095209
5562992421738
5561998160042
5548988071616
5531987085053
553432251487
5511983899646
5585996805336
5524981067479
5511983464647
555192843342
5515996372188
5584988542820
5585992468613
5516991584880
5548991666652
5543998200658
5534984415774
5515991434656
5511955998206
5521995852958
5519997643236
5512981583118
5571988002585
5511965720437
5577999413196
5585938787300
5598982207340
5531997000020
5532984356995
5581987377268
5551997610485
5599991227413
5551998601404
5567992066514
5517997255566
5511952814793
5521983698500
5584996104170
5581988660624
5527981188134
5516997064217
5511989850230
5511975522751
5534996817702
5511991569343
5575992680757
5521999992619
5535998242604
5569981135690
5527997274369
5519983320539
5511910751661
5554999132948
5562995268955
5511972695105
5511969088516
5514998828256
5527992674409
5551997749556
5511988763443
551147013991
5511963399559
5516993261279
551131268511
5551999670870
558138776890
5524998540036
5511975956318
5531999771277
5538997475715
5551999385703
5511965979504
557996777001
553432150000
5592992213032
5547991713989
554599200203
5585992234132
5598989132303
5562992740720
557999401811
5511975686204
558632343055
5521966678093
5547984018373
5554999702818
5588997047117
5511977980323
5592993071831
5555999370238
5567999115150
5583988190505
5537999730880
5564993201036
5511975708598
5561999377844
5511999045463
5527988067287
5546999050963
5524988512565
5511991338055
5521974174707
5562985228583
553187727273
5574999372580
5584999173023
5516991622244
5537998443859
5517997440931
5544998745714
5515998568891
5583986846328
5511941711811
5581986692130
5521975239686
5592991018621
5513997080716
5531997237192
5575998666709
5533999133291
5538992124227
5511991058889
5541997703903
5581999676979
5551989813025
5562996238074
5511949117809
5527998414911
5571999905299
5598992142991
5561985744222
5551991181660
5521994688980
5535998962847
5564992052891
5585998148718
5522999790395
5585997883077
5511940090033
5511967090101
551131360365
5564993442882
5562985128288
551930902621
5521975648081
5571983155398
5579998052364
5561984170993
5513997900365
5521988160584
554799854062
5584988840054
5549991132057
5553991279818
553190640463
5521973643569
5522999994767
5581991666910
5549988369387
5541998273212
5534984029963
5582996776314
5583986629706
5541991853847
5511964149655
556232152561
5548988127081
5582988397726
5555984964503
5511959090622
5577981645589
5562992481704
5592981542504
5551991855923
5531993935854
5513996207396
5544999761374
556732119980
5522981390121
554598260729
5567996894750
557533311156
5584994861986
5535997414750
5521967870478
5548999857103
5517996378265
5565992015719
5534998934525
5519982470040
5528999918899
5598988454542
5581997576232
5584999712032
556434117774
5548996185841
5561991121715
551136860166
5591984046160
5511967718285
5511964545205
5511994120194
5549989096446
5521997574933
554789084949
5521997224200
5511972281490
5511933582406
5531986429852
5599985093728
5561995610420
5511985333939
5586994795214
556283004802
5511995646647
5562996015788
5513991233712
5528999301072
5541992058614
5519984098154
5511942442015
5511953658172
5562982354528
5517981009279
551836524874
5511985277256
5541988116420
5541995421996
5583981396739
5585985426714
5511964809165
551134277730
5577998007869
5553984215997
5531971631512
5562992766555
5567982083722
5521996152368
5511979867613
554430453170
551932030088
5516993892387
5574988434370
5554992858998
551130310095
5517991523003
5562996689724
5598981213835
5599984888799
5531984350817
551128843777
5533999484226
5522998614532
5521975886618
5519997120677
5547991960511
5531987761002
5511942440910
5511970603836
5562981863552
5598991146208
5584991341014
5592984887351
5581999728446
5548998280865
5593991384395
5527998790780
5519992114969
5531998589988
551127594081
5511973767387
5521982330705
5519974214109
5555997326998
5581988252140
5585996229806
5596984104692
5511987531987
5534996505283
5511994568061
5586994013838
5563991097129
5521983150652
5549991787807
554840420145
5553981553433
5511962560244
5519991008700
556291761181
5516991034863
5581995076463
5517991106556
5563984628219
5532984291581
5522998164516
5581995431450
5521977182576
5581973388490
5551982864710
558799583151
559982656709
5561992878753
559281286679
5581988130765
5596981254392
553136567404
5551989872704
5547996897766
551147654696
554199617792
5511976365654
5585999966694
5567998226954
5599988088746
5521996229551
5571992049401
553141419227
5567999400495
5511974133052
5511945025294
5584999550573
5541988782829
5521972705271
5511982925774
5547992169521
5581991962554
5522997499789
5586981608081
5511940238676
5521970191035
5566999715387
5562993223550
5521982032488
5511995256356
5541995951125
5511982290372
5579996908578
5591993141836
556130470770
5521999652831
5531991179699
5518996109645
5586998149002
5513974096312
5575981734436
5599991162241
5593991343122
553173447199
5515997669899
5531973446888
553139560980
5521964254840
5531995413191
5527992810621
551333496520
5562993539356
5547991325231
5534988498335
5561982714004
5533991185628
5513981742919
5512983101103
5562992946314
5531985875208
555130747500
5551997162002
5554996467388
5569992079703
5511942369414
5511933525618
5581981682403
5544991513235
5588999349966
5519988028437
555195393646
5567996018815
5547999781573
5511993909026
5511989079493
5533984240700
5527999446342
5551991269460
554136563805
5561986238459
5573981250921
5588999939379
5591981240815
5519998189572
5575981090316
5512996596743
555199594886
5538988334098
5511985273085
5571982173075
5581999253675
5562981271012
5519997357765
558531116869
5519991981105
5551994598897
5588988275735
5531999810808
5543991256897
5521991007018
5511971229759
5582999156276
5511995073586
5553991874614
5531988754176
551735234208
5512988340037
5521965870751
5511942121305
5528999616520
5575999961661
5551993409518
5522992040598
551155621907
5551997658995
5521969734290
556796833562
5522998097667
5585988041989
5563992212412
5548981438990
5565984086415
5534996566699
5516999930697
5521984954807
5527992776500
5534998779656
5514988328745
5567999850515
5527997676127
557930191912
5528999613238
5589994315649
5586995482158
5581983696308
5511949683460
5585987483432
5595991245495
5531999977585
5521981831289
555133033899
5521967083251
5581983692102
5511949389762
5541984751303
5585985910919
5574991041169
55981006622
5511975704429
5544997486932
5511983766338
552730756778
5554996694925
5561986470890
5531991604118
5511982551247
5511942324363
554221011000
552422526810
5541988946559
5588996415036
554430411414
5547999531984
5521964320594
5569999780107
5573998410610
5553991770124
5541984482221
5561999575098
5541998217850
5577998436870
5581997577731
5563981125528
5535992151190
5511945980578
5519981816401
5517981848500
5516994669595
555541988194524
5581991275294
5534984135452
5588996402928
5519981458739
5547992214368
5581995066814
5516993353239
5517991668792
5581979066124
5544999401323
5534984404782
5591981966263
5594991127629
5562981889707
5596991157493
551151118841
5548996556616
5511991955212
5543984115711
5547999285739
5541998604972
5518996974491
5548996301863
5514997452546
5521998407708
5519999301818
5548991698562
5547999711405
5547999885069
551147473552
5511958770747
5511991103099
559293772577
554899648376
5551993009589
553399548338
5562984556164
5540028922
5547999900862
5547999351156
5518991722216
5537998063587
5547997535310
5582996894079
5541997779582
5581986928389
556241016601
5511988736160
5551999522149
5548998472543
5521971678325
5521981285515
5561983281890
5511991897190
5563992903883
554799629998
5511962760992
5581997236937
5535988030117
5511996298335
556899991414
5527998694751
5547999576731
554833755329
5522988357692
5512988551503
5584994484226
554732638600
557721028080
5583999576970
5511951581659
5597984139537
5513991736932
557332918535
5531986077941
5521983705554
5548996518263
5511959418008
5585986176088
5511994006684
5581998439510
5531989694703
5511985367627
5511980359047
5571996006114
551732127460
5562992595871
553131811343
559233040783
5541996718840
5535997060456
5519988140367
5584987819160
5516991334252
5511952888499
554988092562
551533420796
5511993899598
5511954311482
5511974791508
5577999784399
5511954116842
5554991087758
558632331793
5513997942719
5585997695334
5561993560462
5515991968288
554130242600
5519984259375
553192804079
5563992164792
5522998123911
5511916279835
5535999664797
5582987242812
5544988028449
5579999150686
5588998615927
5551985267241
5511999344134
5517981913649
5519995544281
5532988287096
5532991736803
554788386720
5521990312230
5583998106388
5582996935297
5512997276550
5511994242594
5577998545475
5511999499937
557583198193
5535988248352
5534984429746
5511982917533
5551982257858
5511995939713
551133870000
5581971088123
5521974012269
5543988455373
5564992730738
554732484909
5579998623696
5598987059483
5511973436925
5518997450736
5555999406120
5548984357942
5542998030340
553132231513
5584998185029
5582991107609
5513991725181
552130488204
5511963636582
5562994573555
557798433100
5541998291904
5531987994645
5535992499827
554991101346
5511950639840
5547996367782
5562982195626
5511989898146
5521994880751
5511994792760
5545999840441
5519992972778
5567996140467
5587996657860
5562985675277
5562981238084
5564993475221
5579998090575
5562984671041
5586998510389
5562993049669
5511999466373
5543996592645
5516993213794
5511982828297
5547999669915
552127916223
558002806606
5554991661949
5587998106085
5547991515084
5551981709257
5517999795510
5511998222275
5544998202067
5521991621400
5584987364535
5511975357376
5516992228710
5575982721999
555432911325
5514998577801
554797127777
5514998341805
5577991331560
5571999021520
5562993386039
5511957570639
5579998705400
5527992723922
5592984792438
5521978767823
5532984436255
555481057799
5531999133216
5587988076214
5585999535223
5535999355099
5515997868701
5531923960
553185857462
5511947365918
5516997490855
5511994557751
5566992222330
553133920471
5547992465217
5598984832405
5522988323807
5562991463250
5547984186531
5562996700490
551136132000
5511993776861
5521967322845
5511959798928
5581999844826
5548991859254
5521972014185
5561992514403
555198238973
551125763103
5555952317994
5538988537534
553195327778
5511950657086
5575991786663
5513991257453
5592994837446
5549991834947
556198516200
5592992093138
5551998795801
5519997845924
555199210107
5583999108624
5548998094538
5511992788806
5532999238580
5513981015663
5511999953037
5571991221452
5548996643418
5516988011195
5511947626157
5592994204777
5511997848420
5571999320559
5531971623244
5548988554584
5519992837969
5563985138099
5584996121654
5511963941210
5511989707763
5521994434308
5568992091498
5562991549173
551157214230
5583996863399
5577988038041
5586995647909
5585986683235
5544988335410
5584999833587
5541995988028
558531102300
5563991230840
5521964612947
5521983282204
5541992172206
5598992517939
5544998215480
553592006654
5567991270542
5521981645480
5521983658858
5588996645650
556892158187
5522999059775
5551991120354
5541995564458
5519995543719
5592992686249
5563984354262
5571992111337
5555984155537
5512983211215
5511978762529
556286001707
5511966208869
5518997138829
5575999467435
5591985558543
5534999163781
5511972777197
552131575645
5527992845262
5511999017073
5511955528564
5521968378098
5544999141071
5565996871514
5579991618099
5551981911091
558420207910
5584986391531
5573999742005
5563991172909
5533999232554
5522999040698
5582991020851
5511961168064
5512996187692
5571999656299
5517991421072
5594984114543
5521982966849
5531996528539
5566996591133
551140639709
5569984671761
55032988506738
555496529225
5587991384966
558133149333
5511963192149
5585996862890
5511975844901
5551997449232
553237461883
5582996458830
5582999930774
5519999634809
5511959248154
558393857682
5511972178048
5573988037914
553132835156
5583999980338
5598988109433
5514988179229
5532988611529
5567992003842
5563984328726
553491985038
5521970198761
553384540061
5567993308114
5551992043085
5588981338989
5535988248645
5527998547553
5521973452042
5519994385530
5582988421779
5537998376168
5562981033402
5581985161120
556196542430
5519996338370
5538997358590
5511989084278
5548988689041
5516996361876
5519971019734
5588981392394
5511988792558
556699572637
5553999389486
5511977882839
5554999994323
5581993497289
5521967166769
5511913439695
558530364024
5593991351199
5562985801415
5551997772893
5511979529363
5522996059030
5518996213635
5586988016549
5547999367273
5519993064457
5577981315877
5561984136352
5581998811143
551839083908
5562984149619
5581981853906
5579996627233
5543984179935
5571987569901
5511931508830
5541999143338
5581992695353
5521981685118
5551998087051
554796595376
5563984973192
5561996695255
5591991231154
5581987575737
5535991915531
5586981215835
5531991427549
5561933000591
556732117000
5541992312770
5535999410746
5599981464502
5547991566995
5546991194407
5565992340526
5591982642626
5581994927288
5516988634346
5512988351684
5549999001037
5591984935341
5521992988337
5554996885029
554391377747
5531988131900
5516994081029
5577999448485
551330404770
5582999920705
5521988469398
5548996680134
5515991612537
556792407250
5584997009396
5527998625428
553597171751
5598987213038
5581997773924
5566999038585
5584981422894
5512996202080
551147945357
5535984763930
5533999119728
5531998460045
5547988766948
5562991186308
5588998171567
5547997127538
554330265069
556298356779
5562982529106
5518981120000
5583987039751
5575999518399
5583982085581
5589994015632
5511942025638
554884249139
5548991258163
5511963841163
5585987152264
5512974059042
5551995272497
554936227222
5512996681266
5534984416903
5516992739314
5551992050950
5519991050421
5561981008565
5514998547988
5575999713410
5535991175899
5577998290569
554734619088
5515981440887
5519999335053
5562991397696
5581996090971
5514991129416
5521995308251
5531987091818
551148281105
5511995408920
5511977644933
5531971583098
5566996704514
5522997772919
5591993733362
5532987037773
5585991810975
5596991943904
5581998349012
5549984001704
5534988143054
5511991533118
5561984873040
5516997762356
5521983543348
554730277667
554133432819
5574991597248
5547999079923
5514996891089
5521974459109
554899484847
5511910023712
5517997673460
5537999058185
557199998935
5585989621397
5531994460616
5511959841164
5521982112933
553130235943
5541988028446
5598984135037
5521969852821
5593991277525
5562932184255
5511993209594
5563981124534
5517991319520
5521982413072
5585998477208
5521966458439
5516988568694
5544984094409
5594984052400
5511944695132
5561992453693
5581997424301
5555999156590
559232369800
5566996036680
5521986887185
5519981186143
5581999829414
5532987012422
5531988510704
5516991320292
5561985324302
5551998802291
5511991670354
5514991434566
5555997113377
5581986162166
5586999038486
5522997735390
5589994033500
5531986839730
5598981164217
556232492874
5551998241145
5573988795217
5562998012376
5581985729477
5575981469630
5521993254687
559935255113
551122541952
5588994971737
553333223156
5547988386594
5585981991700
5541997822033
5516997152777
5584999163839
5511999053735
5511910204545
5587996487776
5565999476577
5582988162395
5581991004077
555499072096
5521991965948
5561992582590
5511991091000
5511961552700
5549999786117
5511998810306
556899511032
5583986146970
5521989020478
5562994584250
552132920544
5571988995958
5561983186653
5598984142902
5531983012822
5511962850988
5585986133153
5599988202912
5527999782520
5511985889704
5516999775687
5584988358797
5548991101982
5511953006685
5541987409969
5584999479837
5521967068605
5548998164715
551127297797
5519988363698
554933400450
5541984566316
5531985977241
5551997653784
5581999992370
5598988554500
5547997924081
5591984886635
5522999265946
553135155540
5586995023305
5551981866512
5514997042307
5531987130050
5592992945827
5551989108558
5511983947880
5598992157954
5511967632104
5543984534840
5571981088107
554333164035
5511969884444
5564993050196
5511964855198
5512974046205
5582994118719
5515991413674
5546991135503
551126397313
5511940666432
5599999857130
5534991042101
5586999931789
5561998133276
5524993075350
5551990127008
5567999600863
5511970911628
5511964982101
55049998003169
5511997606814
5511964398915
5531991044040
5521992294712
5533999487499
5579998319773
555499131456
5587999401747
5582988238202
5551990176870
5521992398231
5511940247010
5521998251831
5599981112039
5577999960844
5531980204379
5571987746965
5516992098237
555121930105
5548999430304
5511999801777
5573999111615
5585997822587
5531991333366
5531988259608
5511954947208
5555999826599
5541999530593
553732161955
5543999231925
5571991813380
5519997213277
5562982314542
5575991256576
5511997603447
5551993519664
5511998616677
5511959686773
5513997006430
551122221208
5567992430757
5548991272266
5583988280318
5521976989540
5571986070566
5585997317064
5521964227729
5575988199162
55999517857
5551986868898
557134808118
5527997205353
5548996792858
5522997170291
5521975036793
553532219927
557132488303
5598992394447
5568999392844
5511966830555
5583993423697
5551984124786
5547997316494
5511995987770
554530287010
5593991664808
553193288731
5584996830077
5582991028065
5535984485734
5551999938825
5519981041399
5531975338485
553136562131
551143391164
5561983388675
551152000789
5527997086977
5551991269142
5521982192332
5585996819733
5599991827432
5567992110890
5516994237899
5585992835262
5512988429899
5521983300995
551128058055
5514998455459
5514999073437
5562992656405
5511984508079
5562984820775
5518997442948
5511979655748
5528999710498
5519981669079
5582996317263
5511997523939
553299585774
5511958753593
5591984065286
5585988511997
5544998663828
5511946298152
553134212703
5516981128282
5522999177913
5531990900550
5594992212215
553534252626
5537999763303
5521968585085
553531121220
5567981989696
5511932341430
5565993533202
5522999986486
5542998436662
5579999526157
5581984746760
5543999219898
555381065239
5561985979640
5561981490831
551933185471
5511939384344
5512991860450
5511994011424
557588449984
5592993529085
5521976543627
5511987378616
5517981801422
5588996934740
556193703860
551126889113
556284312625
556296848433
5531981039428
5592991897097
559833027130
5561996025573
5511984950108
5519995103062
5582996446990
5585991850333
5517992322038
5592994706474
5511915846032
5561992792435
5565981708768
5511953063777
551140033811
5599988043408
5583986730443
5531992000320
5547999113892
5555996310832
5585999923545
5511995811478
5566984345698
5595991539510
5583996781323
556232564293
5551991150806
5561995648031
5547991330880
5516991805066
5548984138479
5551991550063
5521990354373
5579988265130
5569996092064
5551983330434
5517991669433
5512981420072
5554992202796
5531971684071
5511930701001
5511968311497
5584999644043
5518996758887
5511996270736
5531991924377
5548998420234
5548996701333
5511961541915
558000873186
5511968663002
5579999453702
5551981464846
5527997021453
5511987543683
5534999825928
555132260265
5547996737432
5511958929407
5516996214756
5511981875111
5514997241234
556238771802
554896410883
5581982811522
554733454678
5511995707447
551836222346
5594991879143
5511950378742
5527992343785
5547997317713
5561993330097
5511911777255
5511991095316
5579996341651
554735136191
5584987967643
5541996418051
5541996445115
558799022148
5511953427141
5511992903553
5516981735747
5585986306119
5561995480606
5584996195642
5554999376161
5551981240347
5527997743152
5511988908187
5521965703819
5533984435177
5519988051646
5511973997007
5543999195672
5518997549680
5548999800413
5551981508161
5527996284485
554736310500
5581997612624
5516993527679
5585985589901
5511963136166
5544999493669
5511948480236
5514997168707
5511988018255
554730398403
5522999962782
5532991489634
5542988842395
5581998201111
5588994479740
5583981147785
551125544224
5592993462654
5571988670046
5512981417367
5531997009642
552799996038
5562991139062
558999035924
552135003686
5583987397749
5521988010365
557192970023
5581982059785
5531975313423
5535999128050
5598988024682
5524999433803
5583987197986
5512992082357
5535992018367
5519997326867
5521971436140
5585997934779
5514996320174
5598984059964
5519988029691
5547988026776
5562999348577
5581991613407
551147808220
5564992351715
5519997779367
5551981408111
5517988365111
558738361969
5531987786777
5515996070904
5598984471570
5521988509995
5527997253362
5522998781756
5521979571129
5531975307302
5519987254615
5563981286514
5511966471468
5562985338574
5541995343245
5517988334860
555384580755
557592160003
5585996217526
5531988135181
5531982423515
5599982555631
5591999654340
5511984096838
5521974608064
5571993445359
5598984001367
5511941111408
5587999199774
5513981426042
5561999429903
5531988712455
5581996720126
5511966427777
5511971656789
55558587965789
5511974187353
5511972974938
5581999885660
5561991394229
5551994757504
5511952718471
5577988531453
555530278400
5565984214340
5587988151188
557181873703
5583996210688
5511984041484
5591991178424
5519997004052
5511995562888
5592981818374
5592999771755
5518998200962
5519991886229
5531975077936
5511952808601
5562985630202
5551981166079
5599984763502
5521964222387
5524993957256
5516991142492
5511991826799
5531983139181
5511930505357
5548999718715
5521994759393
551637046051
5585988990308
5511999256036
5579999900925
556134513000
5531988371004
5531995513387
557332312303
5513997493734
5581992224139
5592984806720
552835462646
5598981484310
5511993360964
5567996855975
5535999535082
5511978794569
554734222517
5548998461962
5561985063265
551731511023
5585981678477
5521979420544
5531993933490
558299008897
5551981649867
5548996496005
5581999248582
5553984321565
5534988030721
554133322737
551137667801
5511983806328
5582981236891
5513988804281
5564984584860
5592981624052
5592982280860
556294697730
5516992888794
554184224800
552122833772
552730209079
5511966287711
5585986126800
5514991098243
5585996070762
5544997636366
5527999728049
554233049624
5554991672642
5511943396136
5511984317002
551122891547
5567992184230
5527997827026
556984191963
5519989451515
5516996210321
5581994506584
5565992361360
5511987943106
5562992712365
553134352026
552225421890
5511961398506
5538997302088
5521980667607
5581996734936
553799067775
5586999298234
5519981170096
5521991887771
5567998479010
5544997068793
5517996268503
5521987041085
5551997975448
5543999576851
5516991877706
5585996906406
555433441228
5519984130038
5548999934692
5549999501222
5575992151059
5531996711571
553233213869
5527995821012
5531996467596
5511979926680
5565999249293
5521979763158
5564992280020
5511965783240
5574988561481
5531997507921
553334281329
5562984721987
5599985356398
5571991794030
5511985000917
5531995926124
5561995170810
5555999144987
557332315324
5583988636007
553384443690
5587996113834
5532984414788
5545999260469
5566996802807
5587991098929
5521964287210
5548996504664
5549991901234
5568999304040
5575982182582
5561992506480
554936341247
5589994625232
5517992335228
557532233745
5549991423104
555130643393
5575991522442
5542999670625
5565996166143
5521964664906
5562984111327
5548996878051
5534992129613
5532991071857
5511910097862
5579996293678
5586994210539
5511975168950
556133445262
5531984402614
5585987539422
553433125186
5541985073283
5588981435972
5521971408282
5562998574407
5579999558800
558721012850
5516997949080
5518981237067
5581984044376
5514988392528
553196951762
554730288204
5521980120036
5562991904389
5522998131212
5568992010471
5575991967940
5511993280781
5511987525967
5521967309988
5577999911919
5511991475348
5531997627755
5517988147878
555599434447
552430712436
5516981874739
5561991474419
5553999059157
5527988018504
5547999594700
5533999943992
5575991000280
5584999385098
5598987101054
5584987272921
5592992575757
5527999024711
5565992237903
5517991360887
5531987990583
5565992413769
5511997265177
5513974096580
5527997772562
5513981463080
552730132253
5575998975741
5521964048682
5527998873576
5515998481571
5566992142698
5561981109351
5511981589181
5565999450876
5594991252070
5562996293471
5518996076746
5511986986834
5511984305981
5571999335587
5528999444383
5561982956363
5581996844336
5583999040220
5519996881352
5534991175637
5531997561220
5531996703587
5562993899799
5551989536666
5521974505755
5582993505982
5511994524971
5511978513659
5517997746534
551730451925
5515991228633
5512982827755
556430504009
5575999804365
551142460810
5551996339404
5531997461693
5561982274514
5511991422742
5521971369142
5512992041124
5531991311180
553391109092
5515981378556
5521996827641
5571993002783
5561996742122
5567999206619
5531992354631
5582988510319
5583999332854
5544999689947
5532999138381
553132912202
5568999733128
5591980674349
5575999032344
5591981375350
5521996719679
5579991782034
5537998378397
5547996938478
5545991160940
5524992998714
557133442105
5579998564120
5511977788989
5548996348907
5548996969781
5581997602066
5511996509284
5535999617754
554398048737
5581996696432
5521974256372
5511980755134
5584996201578
5511989832130
5521981691697
555434197475
5545998020209
5521998150014
5517981443394
5511960214740
5511950521989
5531982631098
558199791365
5519999278116
5513997467489
5511976767885
5591989026942
554796500507
5512988899937
5531984352618
5514998361852
557335344567
5511953236931
5511948270414
5527997959673
5522999524668
5553991946313
5521980550136
5588997131309
5519984151899
5561999560247
553184518168
558001474774
5585991304300
5594991603785
5547996843202
5585988711016
5511982990945
5512991060161
5584991465887
5565999577854
5579991038181
556730285078
5579998590136
551832819696
5561998189202
5599991475305
5551996645626
5585991326931
5561981044985
5511950354429
5511963947774
5511958897863
55279976815945571999433154
5547997164777
554430403120
5511971842185
5515997481920
